65406000
65402040
65400240
65200440
65014200
65014020
65012400
65010810
65010210
65006010
65002060
65002014
65000E00
65000814
64684000
64610200
64610040
64600440
64490040
64480060
64414004
64412040
64404220
64402810
64402220
64400C40
64400A40
64400604
64400064
64294000
64284800
64284010
64280420
64214040
64210804
64210220
64204820
64202C00
64200A10
64200414
64200260
64092040
64090044
64084804
64084044
64082840
64082420
64082240
64082210
64082014
64080A20
64080034
64010E00
64010A10
64010064
64006804
64006440
64006420
64006030
64004250
64000C50
64000870
61690000
61606000
61602010
61600204
61490800
61490200
61480240
61410440
61410044
61404210
61402600
61402050
61400860
61400814
61400450
61290200
61282010
61280810
61280404
61280050
61204840
61204024
61084404
61082A00
61082240
61014C00
61014210
61012240
61010C04
61010034
61006410
61006024
61004610
61004034
61002E00
61002C20
61002C04
61000E40
61000614
60682200
60680050
60614400
60606400
60604240
60604030
60600A04
60600460
60600430
60492200
60490820
60490804
60486200
60484030
60484024
60482840
60482810
60480E00
60480A10
60480850
60414220
60414050
60412804
60412210
60410E00
60410C10
60410844
60410244
60410070
60406C00
60406404
60404830
60402C10
60402054
60400E04
60400254
60290C00
60290404
60286004
60284600
60284440
60280424
60216040
60214840
60214410
60212A00
60212240
60212044
60210C10
60210214
60206810
60206240
60206030
60202640
60200E20
60200A24
60086420
60086240
60084A10
60082A04
60082610
60080A24
60016840
60016204
60016044
60014610
60014424
60014070
60012A20
60012620
60012244
60010870
60010650
60006C10
60006A04
60002A44
60002864
60000A34
60000664
45680200
45602200
45600C00
45600420
45600030
45490004
45480A00
45480840
45480050
45404050
45404044
45402024
45294000
45284400
45214010
45210810
45210420
45204A00
45204210
45204044
45204030
45204024
45202810
45200604
45082024
45082014
45080C10
45080260
45016400
45016200
45014044
45012820
45006024
45004850
45002844
45002640
44690004
44680440
44610420
44604840
44604024
44604014
44602204
44600620
44600214
44600054
44494200
44494010
44490820
44490410
44484600
44484420
44484220
44484014
44482804
44482404
44480A40
44480860
44480830
44480640
44480054
44416010
44410610
44406A00
44404814
44400E40
44400624
44400614
44294020
44292200
44290820
44284404
44282210
44282030
44216040
44216010
44216004
44212A00
44212810
44212410
44212220
44210814
44210640
44210054
44204A20
44204444
44204070
44204054
44200E40
44096400
44096200
44094804
44092820
44090814
44090244
44084260
44082C10
44082860
44082844
44082640
44080C24
44080870
44016600
44012224
44010E20
44006C40
44006424
44004630
44002C60
44002C50
44002A44
44002870
44002650
44002264
44000A34
41680220
41680060
41614010
41610600
41602A00
41600814
41600224
41484C00
41484204
41482804
41482240
41482050
41480C20
41480830
41412044
41406220
41404A20
41402064
41400C14
41400A14
41400254
41400234
41294020
41292010
41290024
41280430
41280224
41216200
41210A10
41204460
41202E00
41202A10
41202860
41202460
41202054
41200E20
41200A44
41200650
41200464
41200264
41096800
41096004
41094420
41092210
41090E00
41086404
41084230
41080E40
41080644
41080454
41016A00
41014A20
41014070
41012C04
41012850
41012250
41010A14
41010454
41006844
41006424
41006244
41002434
41002270
41000E60
41000E14
41000C70
41000634
40692004
40690820
40684810
40682050
40614014
40612220
40612014
40610C20
40610450
40610250
40610214
40610064
40606204
40606060
40604850
40602054
40600A50
40600660
40600270
40492210
40490230
40486A00
40484620
40484604
40484064
40482A20
40482610
40482424
40482250
40482230
40480E10
40480A60
40480234
40414224
40412E00
40412C40
40412070
40410A50
40410644
40410630
40410270
40410234
40406640
40406620
40406604
40404C50
40404C30
40404A60
40404A24
40404834
40404614
40404074
40402454
40402270
40400E50
40400E24
40400C34
40296800
40296200
40292204
40290610
40290430
40290214
40286050
40284814
40284610
40284604
40284034
40282C40
40282830
40282814
40282450
40280270
40280254
40214A20
40212E00
40212C04
40212824
40210C50
40210614
40206814
40204854
40204644
40202C24
40202A24
40202624
40200C64
40200A54
40200664
40094450
40094214
40094070
40092604
40092070
40092054
40090E20
40090C14
40090A24
40090470
40084264
40082C60
40014E04
40014074
40012C60
40012834
40012644
40012254
40010634
40006C44
40006A30
40006A14
40004A64
40002E14
40002A54
25684000
25680400
25604010
25602020
25600810
25484004
25412004
25410240
25406400
25404A00
25404440
25404210
25400C20
25400824
25400430
25400214
25290400
25284004
25280210
25280024
25214020
25210810
25206800
25204420
25204050
25200E00
25200604
25092800
25090C00
25084014
25082240
25080214
25016800
25012840
25012820
25012240
25010A10
25006014
25002824
25002430
25000454
24692000
24690020
24684040
24684010
24682800
24680204
24614010
24612400
24610C00
24606200
24604060
24602810
24492200
24490A00
24490014
24486004
24484404
24482210
24482060
24480E00
24480C40
24480610
24480444
24480064
24412C00
24412810
24410A20
24404C10
24404604
24402444
24402430
24402034
24400E40
24400864
24290C00
24290A00
24290220
24290044
24282840
24282820
24282600
24280A40
24216020
24216010
24214410
24214220
24210C40
24210A20
24210860
24210824
24206600
24204460
24204444
24204034
24202430
24202424
24202054
24200470
24096020
24094600
24094410
24094404
24090830
24090244
24090224
24086024
24084244
24084214
24084034
24082A04
24082860
24082814
24082604
24082260
24080E40
24080C14
24080254
24016410
24016050
24014A20
24014830
24014224
24012250
24010074
24006640
24006424
24006214
24004E20
24004630
24000474
21610440
21610410
21606800
21606040
21604030
21602404
21602204
21600A10
21600070
21490810
21490440
21490404
21486400
21484440
21484060
21482204
21480830
21416400
21412204
21412024
21410824
21410444
21410414
21406420
21404A40
21402C10
21402610
21400A60
21400A50
21400A24
21400834
21294400
21290A00
21290804
21290014
21284030
21282050
21280C04
21280A40
21280604
21214840
21212C00
21212210
21212060
21210C20
21210A04
21210224
21210070
21206204
21206030
21204860
21204244
21202C20
21202034
21200E20
21094810
21094404
21094204
21092044
21092024
21090450
21086204
21086014
21082814
21016C00
21014444
21014214
21012A04
21012610
21012070
21010470
21010454
21010264
21006A04
21006640
21006260
21004870
21002E40
21002650
21002630
20694800
20692200
20692020
20692004
20690420
20684204
20684060
20682240
20682210
20680444
20616040
20614C00
20614A00
20614810
20610A10
20610450
20610414
20604A04
20600C44
20600C14
20600614
20494410
20492420
20492030
20490860
20490830
20490064
20484640
20482620
20482610
20480644
20416060
20416024
20416014
20414A10
20414640
20414604
20412034
20406860
20404C50
20404614
20404464
20402E10
20402A30
20402454
20400A70
20400A34
20296400
20296020
20294A00
20294210
20290A40
20290824
20286204
20284C40
20284460
20282C40
20282830
20282424
20280270
20280264
20216050
20216030
20214A10
20212C10
20212C04
20212620
20212604
20210E10
20210464
20206844
20206430
20206250
20204630
20204624
20202254
20200A70
20096210
20096024
20094850
20094610
20094214
20094034
20092E00
20092C10
20092844
20092814
20092224
20092214
20090C30
20090864
20090614
20090270
20090264
20086A20
20086860
20084630
20084624
20082870
20082434
20080E50
20080C64
20016214
20014C60
20012C30
20012854
20006E04
20006A44
20002E44
20000C74
05610404
05610210
05610060
05604810
05602220
05602204
05600250
05492800
05490420
05486010
05484410
05484240
05482440
05482240
05480830
05480250
05416800
05416010
05414820
05414220
05414060
05412220
05412024
05410A40
05410860
05410424
05410214
05406A00
05406820
05406220
05404430
05402A20
05402814
05402070
05400E40
05400470
05294020
05292040
05284030
05280860
05280824
05280610
05214440
05214420
05210424
05210064
05210054
05204C40
05204224
05204070
05202A20
05202860
05200644
05096040
05090C40
05090814
05086220
05086050
05084860
05084620
05082860
05082224
05082064
05080854
05080660
05012414
05012070
05010660
05006640
05006244
05004C30
05004C14
05004A24
05002E20
05000634
04694200
04690820
04690420
04686040
04684030
04680860
04680460
04680430
04614A00
04610C20
04606A00
04606030
04604620
04604604
04602444
04600C44
04600234
04494240
04494210
04494060
04492210
04492060
04490230
04490054
04486A00
04486014
04484C40
04484C04
04484610
04482E00
04482814
04482230
04480A44
04480660
04480624
04480264
04416240
04414250
04412A40
04410C14
04410650
04410470
04406C04
04406814
04406424
04402E20
04400874
04294030
04294014
04292820
04292404
04290850
04290610
04286840
04284620
04280C24
04280254
04216840
04214830
04214824
04212C40
04210614
04210074
04206A20
04206414
04204E20
04204A60
04202A14
04202870
04202470
04202234
04200670
04200474
04096C00
04096404
04092A20
04092444
04090644
04086814
04086450
04086260
04084E40
04082C60
04016844
04016424
04014644
04014630
04014254
04012E40
04010C64
04010634
04006E40
04006270
04004C34
04002A54
04002654
01690840
01690440
01684220
01682820
01682210
01614044
01612440
01612204
01612044
01610844
01606410
01606044
01600E10
01600854
01600254
01494024
01492204
01490C10
01490450
01490250
01490070
01486410
01486210
01484E00
01482244
01416024
01414C10
01414A20
01414A10
01414860
01414814
01412460
01410864
01404C60
01404464
01402A60
01400E50
01400664
01294440
01294210
01290A40
01290814
01290620
01290460
01290444
01290250
01290244
01286204
01284424
01282C40
01282C10
01282244
01216C00
01216820
01214C40
01214C10
01214814
01212A04
01212244
01210E40
01210C50
01210870
01210660
01206C40
01206C04
01206850
01204614
01204074
01202C30
01200E50
01200A34
01094824
01094034
01092C20
01092844
01092814
01092604
01090A14
01090650
01086A40
01086824
01084C50
01084624
01084434
01084254
01082C44
01082870
01080C70
01016A40
01016064
01014E40
01014A24
01014234
01012E40
01012854
01012834
01012630
01010E44
01010874
01010654
01006A50
01006264
01004E50
01004274
01002C54
00694404
00694204
00694030
00692840
00692060
00690A10
00686A00
00686840
00686440
00684814
00684640
00684260
00682260
00614C10
00614A40
00614260
00614230
00612A20
00612640
00612064
00610864
00610464
00610454
00606C40
00606824
00606640
00606460
00606444
00606260
00602E40
00602A44
00600E14
00496A00
00496810
00496060
00496044
00494850
00494620
00492C20
00492430
00492224
00490454
00484870
00482C44
00480C34
00416830
00416430
00416070
00414E20
00414470
00410E50
00410C64
00406A60
00406660
00402A34
00402874
00294250
00292A10
00292814
00292450
00292250
00292064
00286604
00286444
00286244
00286064
00284434
00284270
00284254
00280874
00280474
00280274
00216610
00216430
00216424
00216250
00216230
00214A14
00214470
00212624
00212234
00206E10
00206A60
00204E44
00204664
00096C10
00096460
00094A14
00094434
00094270
00094234
00092E10
00092C24
00092A30
00092234
00086630
00086464
00086254
00084E14
00084A54
00016650
00016644
00014A64
00012A54
00012874
00012274
00010E34
00006874
